SampleID Num_reads Num_R1 Num_R2 Num_Paired Num_MateMapped Num_Singletons Num_MateMappedDiffChr Coverage_depth
2019_25_N	2961836	1479580	1482256	1893002	2728322	59475	810548	2.60067
2019_32_H	3432163	1715040	1717123	2313826	3176276	54697	834792	3.07233
2019_33_G	3051759	1524769	1526990	2070316	2829626	52536	735800	2.85798
2019_33_H	2368202	1183425	1184777	1595512	2197590	39762	583678	2.66102
2019_34_H	2344928	1171714	1173214	1560236	2166940	45574	586154	2.5963
2019_34_J	3112379	1554888	1557491	2021444	2873046	57061	826158	2.80345
2019_35_F	3711618	1853838	1857780	2488860	3425588	64381	905704	3.11568
2019_35_G	2660327	1329252	1331075	1773728	2456616	51004	660964	2.74649
2020_27_D	2513082	1255660	1257422	1687640	2324850	47003	616870	2.66098
2020_29_D	2746812	1372297	1374515	1798946	2539568	50847	718116	2.69238
2020_30_D	1870528	934784	935744	1265408	1747668	31174	469474	2.4173
2020_51_I	2618566	1308282	1310284	1695390	2412250	50841	695720	2.61606
2020_52_I	3019012	1508830	1510182	2018610	2793852	48775	750990	2.887
2020_54_I	2806417	1402335	1404082	1855076	2586438	47961	707450	2.79994
2020_55_F	2666509	1332330	1334179	1724134	2445370	50427	698440	2.60153
2020_55_J	2103035	1050452	1052583	1467936	1948758	40718	464512	2.60211
2021_10_I	2273774	1136366	1137408	1518770	2103464	39620	566810	2.58271
2021_41_O	3061522	1530082	1531440	1995340	2814708	55113	793858	2.78687
2021_42_O	3017593	1508403	1509190	2008640	2784456	48233	751300	2.90522
2021_44_O	3083066	1539632	1543434	1955096	2829700	61494	849210	2.71418
2021_45_N	2307289	1152827	1154462	1508494	2124402	46583	595272	2.53617
2021_45_O	3022860	1510547	1512313	2025654	2801656	52807	752332	2.87405
2021_6_H	2281369	1139818	1141551	1496152	2110512	41227	597042	2.52637
2021_6_I	2594326	1296475	1297851	1729158	2398868	45971	647884	2.68189
2022_36_H	3152542	1575460	1577082	2075652	2904402	53510	801820	2.78531
2022_36_I	2572136	1285109	1287027	1689048	2372492	46531	661850	2.68108
2022_37_F	2730038	1363990	1366048	1803868	2517660	52355	689926	2.74675
2022_40_H	2647260	1323090	1324170	1785846	2457272	44912	650194	2.7483
2022_51_M	2526520	1262637	1263883	1696740	2345184	42700	628910	2.69686
2022_52_N	2442767	1220120	1222647	1644748	2269870	42283	607968	2.65151
2022_53_L	2435276	1216574	1218702	1599536	2259044	42272	640820	2.58606
2022_53_O	2353697	1176300	1177397	1591036	2193130	39709	585710	2.6132
2024_16_H	3084834	1540308	1544526	1957944	2826930	61922	843704	2.68629
2024_16_J	41844	20921	20923	26062	36400	862	9994	1.11796
2024_17_F	2402040	1200046	1201994	1576118	2209092	48058	612318	2.56603
2024_18_F	2115898	1057621	1058277	1396268	1959748	36771	547084	2.52666
2024_32_D	2931636	1464998	1466638	1926696	2703964	52927	753418	2.79854
2024_33_M	1965358	978190	987168	1250898	1788006	45942	521208	2.28899
2024_33_O	3236104	1616625	1619479	2084872	2971426	62787	859502	2.80513
2024_35_C	2724966	1361357	1363609	1766760	2507202	51036	717224	2.67595
2027_41_F	2938329	1467610	1470719	1904126	2709126	55559	782144	2.69482
2027_41_J	2473351	1235532	1237819	1656532	2294464	44268	620166	2.62842
2027_42_H	2705374	1351475	1353899	1797572	2488252	56377	666620	2.71423
2027_42_J	2901766	1450012	1451754	1921432	2682214	51399	737096	2.77731
2027_43_G	3318638	1658354	1660284	2223492	3064506	54364	813984	2.93324
2027_44_G	1937071	968094	968977	1328624	1796652	33763	453190	2.54715
2027_44_H	2471547	1235581	1235966	1668770	2301242	38739	614146	2.65605
2027_45_I	2790976	1393768	1397208	1793018	2567574	56733	750604	2.59183
2030_1_F	2023038	1011232	1011806	1365908	1886382	35027	504894	2.38937
2030_3_H	2634909	1317188	1317721	1787566	2445142	40672	637388	2.73143
2030_4_J	2818312	1407330	1410982	1818932	2592956	57161	749812	2.65184
2030_56_O	2802402	1399704	1402698	1806200	2584246	55865	754624	2.60691
2030_57_O	3721000	1859161	1861839	2420566	3425134	68397	974894	2.99821
2030_58_K	2737650	1367968	1369682	1827152	2528812	51720	678600	2.72666
2030_59_N	2795003	1396854	1398149	1851860	2591996	49206	717958	2.74427
2030_60_L	2229034	1113830	1115204	1510500	2068174	40246	539554	2.59377
2032_46_B	2621041	1309134	1311907	1685866	2412952	52366	704332	2.57722
2032_46_E	2258527	1128843	1129684	1493186	2092796	39369	581484	2.49206
2032_48_A	3486728	1742298	1744430	2306124	3224654	60176	890996	2.91394
2032_48_C	3182999	1590196	1592803	2067926	2921668	59296	826534	2.83633
2032_48_E	2699270	1348684	1350586	1778994	2488022	49056	686560	2.7086
2032_49_A	2461617	1229977	1231640	1615704	2265128	48878	627610	2.61199
2032_49_B	2308076	1152652	1155424	1531012	2141070	40548	592782	2.57104
2032_50_E	3394163	1696162	1698001	2252274	3138122	60111	858088	2.90955
2100_12_K	2567634	1282159	1285475	1660148	2366558	48102	686144	2.60886
2100_18_B	2449767	1223845	1225922	1604866	2267098	43871	643768	2.57231
2100_19_B	2012346	1005726	1006620	1339624	1854678	38188	498944	2.47743
2100_46_J	3235055	1616415	1618640	2141024	2987704	53777	819738	2.92126
2100_47_H	2628270	1313255	1315015	1731830	2435140	47753	682964	2.64888
2100_47_J	2501903	1250140	1251763	1658146	2309392	48715	629334	2.65855
2100_48_I	3384783	1690671	1694112	2198238	3114896	63762	887924	2.89996
2101_14_G	2566212	1282299	1283913	1691526	2369964	45840	656894	2.65653
2101_14_I	2895298	1446539	1448759	1849606	2669448	55380	795868	2.56564
2101_46_K	2604611	1301354	1303257	1673044	2395726	50262	700674	2.54627
2101_46_O	2255364	1126596	1128768	1488204	2089482	40965	584552	2.52563
2101_47_K	3119349	1559034	1560315	2066480	2884728	55212	793292	2.86949
2101_49_K	3190130	1593981	1596149	2055732	2935342	60080	851776	2.79107
2101_49_L	2936154	1467184	1468970	1975536	2718310	48328	714134	2.86668
2101_50_M	3317631	1657551	1660080	2195388	3061994	53403	839870	2.96065
2103_36_A	2781757	1390231	1391526	1855132	2573692	49288	696856	2.72277
2103_36_B	3182998	1590639	1592359	2143086	2945932	50844	776868	2.92708
2103_36_C	2095949	1047333	1048616	1411884	1944702	35473	518086	2.53157
2103_36_E	2500987	1249642	1251345	1669954	2309080	40551	618436	2.72369
2103_38_B	3063325	1530058	1533267	1979984	2823572	60156	817338	2.73526
2103_39_A	2495221	1246065	1249156	1638290	2308664	46409	652362	2.57903
2103_40_B	3369305	1683528	1685777	2255824	3120124	57153	838138	2.99266
2103_40_D	3177001	1587477	1589524	2150146	2935090	58868	758964	2.91715
2505_36_O	3037184	1517233	1519951	1975594	2802446	57117	802502	2.74945
2505_38_O	3112966	1555243	1557723	2063554	2880784	54230	793008	2.76622
2505_39_O	2983217	1490156	1493061	1922324	2752346	57024	805746	2.69341
2505_40_O	2540192	1269126	1271066	1687096	2341078	47572	632926	2.65618
2505_60_G	2353883	1176426	1177457	1591046	2194228	38167	586418	2.64696
2505_60_I	2395028	1196709	1198319	1603480	2211372	46038	586954	2.62839
2505_9_A	2973942	1486259	1487683	1980740	2744102	48610	739082	2.88067
2505_9_C	2744489	1371221	1373268	1789568	2526186	52202	713060	2.66956
MN1_1	2529445	1263572	1265873	1682778	2333368	45061	629454	2.6367
MN1_2	2315611	1156850	1158761	1529048	2140984	38398	594126	2.5564
MN1_3	2517312	1257947	1259365	1660858	2327536	41897	647442	2.58591
MN1_5	2568397	1283121	1285276	1715832	2372498	44083	636866	2.64556
MN2_1	2361338	1179691	1181647	1604162	2194900	37554	573716	2.62988
MN2_2	1609209	804432	804777	1102174	1496448	25432	382830	2.32409
MN2_3	2629377	1313345	1316032	1726644	2420870	48189	673980	2.57754
MN2_4	1785554	889823	895731	1182174	1638866	35824	443230	2.29832
MN2_5	2455664	1227086	1228578	1636946	2268038	43147	612310	2.59801
WISC_10	1717091	857933	859158	1172506	1584082	33614	397306	2.4178
WISC_1	2223936	1111236	1112700	1530534	2071550	35044	524986	2.60464
WISC_2	2677543	1337822	1339721	1768168	2473182	47016	684190	2.6272
WISC_4	2211209	1104945	1106264	1521852	2056858	34709	519316	2.61868
WISC_5	2322902	1160672	1162230	1532236	2131724	42375	581280	2.54926
WISC_6	2509700	1253883	1255817	1678096	2324778	41405	627994	2.63315
WISC_7	2169519	1084020	1085499	1448550	2004202	38249	538760	2.49349
WISC_8	3106913	1551715	1555198	2071586	2857122	56142	761098	2.84722
WISC_9	2032641	1015786	1016855	1372884	1876798	35363	488322	2.43091
